4294967279,108
4294967279,107
4294967279,106
4294967279,105
4294967279,104
4294967279,121
4294967279,120
4294967279,119
4294967279,118
4294967279,117
4294967279,116
4294967279,115
4294967279,114
4294967279,113
4294967279,112
4294967279,111
4294967279,110
4294967279,109
4294967278,524
4294967279,341
4294967278,37
4294967278,36
4294967278,35
4294967278,34
4294967278,33
4294967278,30
4294967278,29
4294967278,27
4294967278,23
4294967278,22
4294967278,21
4294967278,19
4294967278,18
4294967278,13
4294967278,12
4294967278,11
4294967278,10
4294967278,9
4294967278,8
4294967278,7
4294967278,6
4294967278,5
4294967278,4
4294967279,132
4294967279,131
4294967279,130
4294967279,129
4294967279,128
4294967279,127
4294967279,126
4294967279,125
4294967279,124
4294967279,123
4294967279,122
4294967279,17
4294967279,12
4294967278,523
4294967278,32
4294967279,340
4294967278,143
4294967278,522
4294967278,31
4294967279,339
4294967278,142
4294967278,141
4294967278,28
4294967278,139
4294967278,521
4294967278,26
4294967278,25
4294967278,137
4294967278,520
4294967278,24
4294967279,338
4294967278,134
4294967279,22
4294967279,134
4294967278,133
4294967279,337
4294967278,20
4294967279,20
4294967279,270
4294967279,19
4294967279,268
4294967278,282
4294967278,519
4294967278,17
4294967278,271
4294967278,16
4294967278,272
4294967279,16
4294967279,278
4294967278,518
4294967278,15
4294967279,266
4294967279,336
4294967279,15
4294967278,14
4294967279,265
4294967294,428
4294967279,13
4294967279,264
4294967279,277
4294967278,517
4294967279,263
4294967279,335
4294967279,257
19,6
4294967279,259
19,5
19,4
4294967279,258
19,3
19,2
19,1
4294967279,334
4294967278,516
4294967278,515
4294967278,258
4294967279,333
4294967278,257
4294967278,514
4294967279,332
4294967279,331
4294967278,513
4294967279,330
4294967279,329
4294967278,512
4294967279,328
4294967279,327
4294967278,319
4294967279,326
4294967279,325
4294967278,318
4294967279,324
4294967278,254
4294967279,323
4294967278,317
4294967278,252
4294967278,253
4294967278,250
16,4
4294967278,248
16,3
16,2
16,1
4294967278,247
4294967278,246
4294967278,244
15,4
4294967278,242
15,3
15,2
15,1
4294967278,241
4294967278,240
4294967278,237
14,4
4294967278,236
14,3
14,2
14,1
4294967278,235
4294967278,234
4294967278,231
4294967278,230
4294967278,233
4294967294,389
4294967294,115
4294967278,227
4294967278,226
4294967278,229
4294967294,388
4294967278,223
4294967278,222
4294967278,225
4294967294,419
4294967278,219
4294967278,218
4294967278,221
4294967294,905
4294967294,904
4294967278,216
4294967278,217
4294967294,76
4294967278,214
4294967294,91
4294967294,87
4294967294,85
4294967294,84
4294967294,51
4294967294,52
4294967294,393
4294967294,45
4294967294,40
4294967294,39
4294967294,37
4294967294,36
4294967278,215
4294967294,42
4294967278,316
4294967279,322
4294967278,315
4294967279,321
4294967278,211
4294967278,314
4294967278,210
4294967278,313
4294967278,208
4294967279,320
4294967278,312
4294967278,207
4294967279,319
4294967278,206
4294967279,318
4294967278,205
4294967279,317
4294967278,204
4294967279,316
4294967278,203
4294967279,315
4294967278,202
4294967279,314
4294967278,311
4294967278,0
4294967279,313
4294967278,200
4294967279,312
4294967278,199
4294967279,311
4294967294,961
4294967294,82
4294967294,919
4294967294,909
4294967294,906
4294967294,92
4294967294,88
4294967294,519
4294967294,61
4294967294,30
4294967294,97
4294967294,80
4294967294,424
4294967294,469
4294967294,162
4294967294,427
4294967294,425
4294967294,18
4294967294,127
4294967294,14
4294967294,126
4294967294,20
4294967294,13
4294967294,899
4294967294,190
4294967294,182
4294967294,163
4294967294,967
4294967294,966
4294967294,965
4294967294,964
4294967294,963
4294967294,962
4294967294,960
4294967294,918
4294967294,917
4294967294,916
4294967294,914
4294967294,913
4294967294,912
4294967294,911
4294967294,908
4294967294,903
4294967294,902
4294967294,900
4294967294,898
4294967294,421
4294967294,401
4294967294,185
4294967294,176
4294967294,170
4294967294,166
4294967294,24
4294967294,169
4294967294,183
4294967294,173
4294967294,12
4294967294,970
4294967294,68
4294967294,11
4294967279,310
4294967278,310
4294967279,309
4294967278,195
4294967278,309
4294967279,308
4294967278,194
4294967278,193
4294967278,308
4294967279,307
4294967279,260
4294967278,192
4294967278,190
4294967278,187
13,6
4294967278,189
13,5
13,4
4294967278,188
4294967294,8
13,2
13,1
4294967278,307
4294967278,306
4294967279,306
4294967278,305
4294967279,305
4294967278,304
4294967278,183
4294967279,304
4294967278,182
4294967278,303
4294967278,181
4294967278,180
4294967278,177
4294967278,179
4294967278,178
4294967278,302
4294967278,176
4294967278,175
4294967279,303
4294967278,173
4294967278,172
4294967278,171
10,4
10,3
10,2
10,1
